01
01
01
03
03
13
13
17
01
01
01
03
03
03
03
17
97
8f
9f
bf
ff
ef
cd
81
1e
1c
9d
bf
fb
e3
c1
81
00
00
00
00
04
05
07
27
00
00
00
00
00
05
07
0f
2f
7f
7f
cf
8f
02
00
00
2e
7f
7b
c3
83
02
00
00
40
40
40
e0
e0
c0
d0
d0
40
40
40
e0
e0
c0
c0
50
d0
e0
e4
f4
dc
dc
08
08
70
70
e0
74
1c
1c
08
08
00
00
00
00
02
15
2f
7f
00
00
00
00
00
07
0f
7f
ff
8f
0f
07
05
00
00
00
ff
83
07
07
04
00
00
00
00
08
18
30
f0
f0
e0
e8
00
08
18
30
f0
f0
e0
30
f0
e0
e0
f4
b8
30
30
20
b0
e0
e0
70
30
30
30
20
00
00
00
09
12
24
7f
ff
00
00
00
00
02
26
7f
fe
1f
1f
07
0b
13
00
00
00
0f
07
07
09
10
00
00
00
00
00
04
08
30
70
e0
c0
00
00
04
08
30
70
e0
40
c8
d0
e0
c8
d0
e0
c0
80
40
f0
e0
c0
c0
e0
c0
80
00
00
08
10
79
ff
0f
1f
00
00
00
00
79
ff
0e
07
1f
0f
1f
07
01
01
01
03
0f
0f
1d
01
01
01
01
03
00
00
00
86
3c
f8
f0
f0
00
00
00
06
bc
f8
70
70
e0
d0
e0
c0
a0
c0
80
00
e0
e0
e0
c0
80
80
80
00
00
00
3c
f0
39
0e
3f
3f
00
00
38
f0
3b
0f
0f
04
1f
3f
1f
1f
03
03
07
0c
1e
3f
03
07
03
03
07
0c
00
00
00
00
c0
18
ff
f8
00
00
00
00
80
18
ff
78
e0
c0
f0
00
00
c0
00
00
e0
c0
e0
80
00
80
00
00
ff
70
38
1d
7e
7f
3f
ff
fc
70
38
1f
1f
0f
39
fc
3f
7f
7e
1d
38
70
ff
00
39
0f
1f
1f
38
70
fc
00
00
00
00
e0
00
80
f8
ff
00
00
00
80
00
80
f8
ff
f8
80
00
e0
00
00
00
00
f8
80
00
80
00
00
00
00
00
00
06
06
00
06
07
07
02
02
19
09
07
0f
3f
ff
07
22
22
40
60
60
00
00
7f
58
d0
b0
90
90
f0
60
00
00
01
01
00
03
03
07
00
04
02
00
0f
5f
3f
37
03
02
02
00
00
00
00
00
33
30
38
30
18
08
05
01
00
00
80
b0
20
40
e0
e0
00
80
60
4c
d8
e0
f8
f8
c0
c0
80
00
00
00
00
00
fc
5e
1c
18
78
e0
c0
00
00
00
00
00
00
01
01
21
00
00
00
0e
0f
1f
3f
58
31
00
00
00
00
00
00
00
48
70
70
00
00
00
00
00
00
00
60
28
c8
e0
f0
e0
00
90
98
50
f6
f8
f0
f8
60
00
10
10
30
00
00
00
3c
3e
28
28
48
78
70
20
00
00
00
00
00
01
03
07
00
00
00
36
1f
1f
3b
77
07
05
03
00
00
00
00
00
73
61
60
20
21
1f
07
00
00
00
00
60
60
98
98
e0
00
80
80
10
88
e0
e0
f6
e0
c0
80
00
00
00
00
00
f0
f8
b8
70
f8
c8
80
00
00
00
00
00
1c
11
01
00
00
02
03
3f
63
ef
70
00
01
00
00
00
01
01
00
00
00
00
00
01
06
06
07
00
00
00
00
18
40
ec
f4
f0
00
10
10
a4
fe
f0
f8
f6
e0
00
00
00
00
80
00
00
70
78
78
f8
e0
40
80
00
00
00
00
00
00
00
03
07
00
02
07
1f
1f
31
73
61
01
07
00
00
00
00
00
00
c1
01
40
34
1f
0f
00
00
00
00
00
00
08
d8
e0
cc
00
00
08
d8
d0
e4
fc
f2
ec
e0
80
00
00
00
00
00
f0
f4
f2
70
e0
c0
20
00
00
38
36
00
00
01
07
01
7c
c7
c9
7f
03
01
01
01
07
01
00
00
36
38
00
00
01
01
03
7f
c9
c7
7c
00
00
00
00
00
00
ec
ec
c0
80
80
c0
c4
ec
f0
f3
fc
ec
ec
00
00
00
00
00
00
f3
f0
ec
c4
c0
80
80
00
00
00
00
10
70
77
77
3f
00
00
00
02
02
05
07
03
1c
3c
7f
38
08
00
00
00
03
03
03
03
00
00
00
00
00
00
04
04
04
09
0d
02
00
00
00
00
00
01
03
01
0e
0f
1f
18
00
00
00
00
01
03
03
03
01
00
00
00
00
00
00
00
04
c4
f4
68
00
00
00
00
80
60
d0
e0
38
a0
f0
70
30
30
00
00
c0
c0
80
80
00
00
00
00
00
00
0a
1e
1c
19
1f
7f
00
00
00
00
00
01
01
01
3c
7e
13
01
00
00
00
00
03
07
07
07
04
00
00
00
00
00
00
00
00
80
e4
ee
00
00
00
40
90
20
c0
e0
ee
7e
f8
f0
f0
80
00
00
80
80
00
00
00
00
00
00
00
00
01
03
06
02
1b
3c
00
00
00
00
00
00
01
03
34
06
03
00
01
01
00
00
07
0f
0f
0e
00
00
00
00
00
00
80
00
80
c0
e0
f4
00
00
00
00
a0
90
c0
f0
4c
78
90
c0
c0
80
00
00
c0
80
00
00
00
00
00
00
00
03
03
07
1e
1f
1f
3d
00
00
00
00
00
00
00
03
0c
06
03
03
07
03
02
00
0f
0f
1e
00
00
00
00
00
00
80
c0
80
00
c0
c0
e0
00
00
00
00
10
a0
c8
d0
e0
cc
d8
fc
f8
80
80
00
e0
00
00
00
00
00
00
00
00
00
00
01
3d
3f
0c
06
00
00
00
00
00
00
03
0f
06
07
07
0f
0c
00
00
00
1f
0e
00
00
00
00
00
00
00
00
70
80
40
c0
e0
60
00
00
00
00
40
a0
e0
d0
60
80
5c
60
00
00
00
00
e0
40
00
00
00
00
00
00
00
04
0e
0f
1f
07
04
04
00
00
00
00
00
00
0f
0f
04
07
1f
0f
0e
04
00
00
0f
00
00
00
00
00
00
00
00
70
f0
f8
80
e0
e0
e0
00
00
00
00
00
60
d8
e0
e0
e0
80
f8
f0
70
00
00
d8
60
00
00
00
00
00
00
00
00
00
20
12
0e
00
0c
00
00
00
01
07
07
07
03
1f
3b
78
73
71
00
00
00
03
03
03
03
01
00
00
00
00
00
04
04
02
01
06
06
00
00
00
00
01
01
01
01
0d
1b
18
1b
01
00
00
00
01
03
03
03
01
00
00
00
00
00
00
00
a0
a4
18
00
00
00
00
40
e0
f0
e0
e0
f0
f0
30
b0
30
30
00
00
c0
c0
80
80
00
00
00
00
00
02
02
01
02
3e
7f
7b
00
00
00
00
01
01
01
03
60
06
03
00
00
00
00
00
03
07
03
00
00
00
00
00
00
00
00
c0
20
36
08
f0
00
00
a0
e0
f0
f0
e0
c0
f0
30
70
38
78
30
00
00
80
80
00
00
00
00
00
00
00
00
00
01
01
02
1e
3a
00
00
00
00
00
01
01
07
7b
29
04
0b
01
03
01
00
07
0f
07
0a
00
00
00
00
00
00
80
00
40
c0
30
24
00
00
00
00
d0
e0
f0
f0
18
e0
40
c0
c0
80
00
00
e0
80
80
00
00
00
00
00
00
00
00
18
3f
3f
15
01
00
00
00
00
00
00
00
03
04
06
02
00
00
01
01
00
07
07
02
00
00
00
00
00
00
20
20
40
a0
b0
88
88
00
00
00
00
30
7c
f8
fc
c8
f6
60
e0
e0
e0
c0
00
f0
80
00
00
00
00
00
00
00
00
00
00
00
3f
3f
03
00
00
00
00
00
00
00
03
0b
1b
0a
01
0f
0e
00
00
0f
1f
0e
00
00
00
00
00
00
00
00
20
40
40
30
00
00
00
00
00
00
20
f0
f8
30
20
d0
cc
00
00
00
00
f0
f0
00
00
00
00
00
00
00
1c
1e
1f
07
01
0b
1b
00
00
00
00
00
00
0f
1f
0b
01
07
1f
1e
1c
00
00
0f
00
00
00
00
00
00
00
00
00
08
10
a0
a0
30
00
00
00
00
00
00
70
f0
f8
30
a0
a0
10
08
00
00
00
f0
70
00
00
00
00
00
00
00
00
00
01
23
27
2d
21
00
00
00
01
03
07
1f
1f
30
18
0c
04
00
00
00
00
0f
05
01
01
01
01
00
00
00
00
00
10
13
37
21
31
00
00
00
00
03
0f
1f
0f
10
18
08
00
00
00
00
00
0f
05
01
03
02
02
00
00
00
00
00
80
c0
c4
6c
08
00
00
00
80
c0
c0
e0
f0
08
38
60
40
00
00
00
00
f0
c0
00
00
00
00
00
00
00
00
04
08
18
13
10
11
00
00
00
00
00
0f
0f
0f
11
10
10
00
01
00
00
00
0f
0b
02
04
0c
08
00
00
00
00
00
00
c0
c0
e0
24
00
00
00
00
c0
c0
e0
e0
0c
08
18
f0
80
00
00
00
e0
f0
e0
00
00
00
00
00
00
00
06
0c
18
11
10
10
00
00
00
00
04
0f
0f
0f
11
10
00
00
03
00
00
00
0f
03
05
09
10
00
00
00
00
00
00
00
00
e0
60
a0
00
00
00
00
00
e0
e0
e0
00
04
0c
18
f0
00
00
00
c0
e0
f0
e0
00
00
00
00
00
00
01
07
0c
08
08
18
00
00
00
00
02
07
07
07
11
00
00
00
07
00
00
00
03
07
19
33
00
00
00
00
00
00
80
00
00
c0
70
70
00
00
00
00
00
c0
f0
f0
a0
20
04
18
f0
00
00
00
e0
e0
e0
e0
00
00
00
00
00
00
00
03
02
06
0c
00
00
00
00
00
01
01
03
03
00
00
00
06
03
00
00
00
0f
39
03
01
00
00
00
00
00
00
60
c0
00
40
70
38
00
00
00
00
80
c0
f0
f8
f0
30
20
00
b8
e0
00
00
f0
f0
e0
e0
40
00
00
00
00
00
01
03
06
0c
00
00
00
00
00
00
01
03
01
3f
00
0c
06
03
01
00
00
00
01
03
01
00
00
00
00
00
00
00
f0
00
40
60
30
f8
00
00
00
c0
c0
e0
f0
f8
30
60
40
00
f0
00
00
00
f0
e0
c0
c0
00
00
00
00
00
00
00
02
2a
38
18
18
00
00
00
02
02
01
03
03
0c
00
00
00
00
00
00
00
03
03
03
11
09
06
00
00
00
00
00
0a
0e
0c
0c
06
00
00
00
00
00
00
01
01
00
00
00
00
00
00
00
00
03
03
01
01
01
00
00
00
00
00
00
a0
a0
0a
0e
1c
00
00
00
a0
a0
40
c0
c0
38
00
00
00
00
00
00
00
c0
80
80
00
00
90
60
00
00
00
05
07
06
06
04
02
00
00
00
00
00
00
01
01
00
00
00
00
00
00
00
00
03
27
23
1c
00
00
00
00
00
00
00
40
50
20
08
1a
00
00
00
40
50
60
c0
c0
1c
78
00
00
00
00
00
00
80
80
00
00
00
00
00
00
00
00
02
03
07
06
04
00
00
00
00
00
00
00
01
03
00
00
00
00
00
00
00
00
07
07
07
08
08
07
00
00
00
00
00
80
20
50
20
08
00
00
00
00
20
50
e0
c0
18
3c
70
00
00
00
00
00
c0
80
00
00
00
00
00
00
00
00
01
03
03
02
02
00
00
00
00
00
00
00
00
03
00
00
00
00
00
00
00
00
27
27
1e
00
00
00
00
00
00
80
00
c0
90
20
18
00
00
00
00
00
10
20
f8
c0
0c
b8
7c
00
00
00
00
00
c0
00
00
00
00
00
00
00
00
00
00
01
01
01
00
00
00
00
00
00
00
00
01
07
00
00
00
00
00
00
00
00
1f
23
20
10
00
00
00
00
00
60
c0
e0
80
18
00
18
00
00
00
00
00
18
e0
d8
00
98
f0
78
00
00
00
00
c0
00
00
00
00
00
00
00
00
00
00
00
01
01
00
00
00
00
00
08
10
20
27
1f
00
01
01
00
00
00
00
00
07
00
00
00
00
00
00
00
00
00
30
e0
f0
00
18
00
00
00
00
00
00
00
d8
e0
18
00
f0
e0
30
00
00
00
d8
00
00
00
00
00
00
00
00
00
00
00
06
0c
09
01
00
00
01
01
01
03
07
1f
03
00
00
00
00
00
00
00
1f
3f
33
21
21
01
00
00
00
00
00
00
03
06
00
00
00
00
00
00
00
01
0f
1f
01
00
00
00
00
00
00
00
3f
33
23
01
01
01
00
00
00
00
00
00
b0
30
90
90
00
00
40
40
40
c0
e0
e0
c0
00
00
00
00
00
00
00
f8
f8
b8
18
08
08
00
00
00
00
00
00
03
02
00
00
00
00
00
00
00
05
1f
3f
01
00
00
00
00
00
00
00
37
43
03
02
04
04
00
00
00
00
00
80
c0
10
50
98
00
00
00
10
20
e0
e0
e0
90
00
00
00
00
00
00
00
e0
f0
f0
30
30
20
20
00
00
00
00
01
01
00
01
00
00
00
00
00
0e
1f
2f
03
00
00
00
00
00
00
00
00
03
03
04
08
00
00
00
00
00
00
00
e0
20
18
48
88
00
00
00
08
d0
e0
f0
f0
58
00
00
00
00
00
00
00
e0
f0
70
70
20
40
00
00
00
00
00
00
01
00
00
01
00
00
00
00
1e
7f
07
07
01
00
00
00
00
00
00
00
07
0f
31
00
01
01
02
00
00
00
00
80
e0
00
50
98
00
00
00
00
08
f0
e0
e0
10
30
00
00
00
00
00
00
e0
c0
e0
c0
c0
80
00
00
00
00
00
00
00
00
01
01
00
00
00
3f
0f
07
03
07
01
00
00
00
00
00
00
00
3f
07
01
01
03
07
00
00
00
00
00
00
f0
30
00
d0
00
00
00
00
00
c0
fc
e0
10
30
20
00
00
00
00
00
e0
c0
c0
c0
80
00
00
00
00
00
00
00
00
00
01
01
00
00
1e
07
03
03
07
3f
01
00
00
00
00
00
00
00
07
03
03
07
1e
00
00
00
00
00
00
00
60
30
10
c0
00
00
00
80
80
c0
e0
fc
10
30
60
00
00
00
00
00
e0
c0
80
80
00
00
00
00
00
00
06
02
00
00
00
7e
00
00
00
01
01
fd
7f
7f
1c
00
00
00
00
00
00
00
1d
01
01
01
01
01
00
00
00
00
01
00
00
20
3c
0f
00
00
00
20
38
3e
3f
0f
04
00
00
00
00
00
00
00
04
01
01
01
02
02
00
00
00
00
80
b0
20
00
00
00
00
00
00
00
40
80
b8
ff
70
7c
00
00
00
00
00
00
fe
7c
00
00
00
00
00
00
00
00
00
10
18
0e
07
00
00
10
1c
1e
1f
0f
07
00
00
00
00
00
00
00
00
00
01
03
02
04
08
00
00
00
00
40
40
58
10
00
00
40
00
00
00
20
40
c0
f0
fc
70
3c
14
00
00
00
00
00
7f
3c
14
00
00
00
00
00
00
00
08
0c
06
07
03
00
04
06
0f
0f
07
07
03
00
00
00
00
00
00
00
00
00
01
02
04
08
10
00
00
00
00
00
10
30
0c
08
80
40
00
00
00
00
90
a0
c0
f0
60
70
38
0c
00
00
00
00
7c
7e
3f
0c
00
00
00
00
00
00
06
02
07
03
01
00
01
01
07
03
07
03
01
00
00
00
00
00
00
00
00
00
03
06
08
10
00
00
00
00
00
00
00
08
18
00
8e
00
00
00
80
80
c0
c8
f0
e0
40
60
60
30
18
00
00
00
70
78
7c
3c
1e
00
00
00
00
00
02
02
03
03
03
00
00
01
03
03
03
03
03
01
00
00
01
00
00
00
00
00
0e
30
01
00
00
00
00
00
00
00
00
00
08
18
00
0c
80
80
80
c0
c0
c0
90
e0
84
80
c0
c0
40
60
00
00
c0
e0
e0
f0
70
78
00
00
00
00
00
01
01
01
00
00
00
00
00
01
01
01
00
3f
00
01
01
01
00
00
00
00
00
01
01
01
00
00
00
00
00
80
80
80
80
84
8c
00
20
e0
e0
e0
e0
e0
c0
f8
8c
84
80
80
80
80
00
00
c0
e0
e0
e0
e0
e0
20
00
01
01
01
03
07
03
41
00
07
0f
1f
1c
19
1c
5e
6f
01
11
19
1d
0c
04
02
02
66
60
62
62
63
63
03
03
00
00
00
00
01
20
00
00
01
03
07
07
06
27
37
33
08
1c
0d
0d
04
00
05
05
31
60
62
62
63
03
07
07
20
20
40
e0
f0
f0
c0
00
e0
f8
fc
1c
4c
0c
3c
f8
82
80
08
70
70
40
00
00
76
06
c6
8c
8c
8c
0c
00
00
00
00
08
00
00
00
08
00
01
03
0b
17
1b
33
73
18
19
1b
0a
00
09
14
04
61
e2
44
05
0f
0e
1c
04
00
08
10
b0
f0
f8
70
00
70
f8
fe
5e
2e
07
8e
fc
80
02
00
f0
e0
e0
00
00
7c
72
8e
0c
1c
18
38
30
00
04
00
00
00
0c
18
18
00
04
0d
1d
39
71
e1
c0
19
12
00
11
2b
10
00
00
06
0d
0f
1e
38
30
00
00
00
02
04
78
78
38
58
80
7c
fe
ff
87
97
c7
a7
7e
00
00
22
e0
c0
00
00
00
7c
00
0e
1c
38
70
e0
c0
00
02
00
00
08
38
38
39
00
06
1d
7d
f3
c3
03
04
26
0c
c0
2f
47
00
00
00
19
32
fc
70
40
03
07
02
00
00
00
22
7c
78
70
38
20
7c
fc
de
8f
97
8f
c6
00
00
00
88
00
00
00
00
fe
fc
10
28
f0
c0
80
00
00
01
00
04
18
18
38
03
00
07
7f
78
01
01
05
3c
cc
00
de
0f
02
00
00
00
f1
fc
c0
00
01
1f
1e
00
00
00
00
00
30
3b
7c
78
00
00
7c
fe
ce
c7
97
87
10
00
00
00
00
20
00
00
ef
fe
7c
00
c0
e0
00
00
00
00
00
0e
1c
38
c0
0f
00
3f
3f
00
00
01
fd
f0
c0
38
1c
0e
00
00
00
00
fd
01
00
00
3f
3f
00
00
00
40
00
00
00
10
38
7f
00
c0
80
7c
fe
ef
c7
97
38
10
00
00
00
40
00
00
c7
ef
fe
7c
80
c0
00
00
00
00
00
00
00
01
07
07
80
50
20
50
08
06
06
05
1f
7f
7d
f1
c3
03
03
02
01
01
01
00
00
00
00
00
20
60
e0
e0
c2
de
bc
18
00
00
00
00
00
00
40
e0
80
e0
f0
b8
8c
00
00
00
f0
f0
f8
3c
0c
00
00
00
00
00
00
00
00
00
7e
fe
80
50
20
50
08
06
03
01
ff
3f
03
03
03
03
03
02
01
01
03
00
00
00
00
00
10
30
70
70
f0
e0
e0
00
00
00
00
00
00
00
00
c0
98
ce
f6
f8
8c
00
00
00
e0
f0
f8
7c
0c
00
00
00
00
00
00
1c
1e
1f
0f
07
80
50
20
40
00
00
00
00
03
03
01
03
07
0f
0e
04
00
03
00
00
00
00
00
00
00
00
04
0c
1c
38
b8
b0
00
00
00
00
00
00
00
40
00
00
e0
f8
bc
18
00
00
e0
f0
f8
7c
0c
00
00
00
00
00
00
00
10
10
38
28
00
00
00
00
00
00
00
10
10
10
10
10
00
00
00
00
10
10
10
10
00
00
00
00
00
00
00
00
00
02
1c
14
00
00
00
00
00
00
00
08
0c
20
40
80
00
00
00
00
10
20
40
80
00
00
00
00
00
00
00
00
00
00
0c
f7
00
00
00
00
00
00
00
f8
0c
00
00
00
00
00
00
00
00
00
00
00
00
00
00
00
00
00
00
80
a8
38
30
30
00
00
00
80
80
00
80
80
60
00
00
00
00
00
00
00
80
80
80
00
00
00
00
00
00
00
00
00
00
00
00
00
00
00
00
00
00
00
00
10
00
00
00
00
00
00
00
00
00
00
00
00
00
00
00
00
1c
26
63
63
63
32
1c
00
1c
26
63
63
63
32
1c
00
0c
1c
0c
0c
0c
0c
3f
00
0c
1c
0c
0c
0c
0c
3f
00
3e
63
07
1e
3c
70
7f
00
3e
63
07
1e
3c
70
7f
00
3f
06
0c
1e
03
63
3e
00
3f
06
0c
1e
03
63
3e
00
0e
1e
36
66
7f
06
06
00
0e
1e
36
66
7f
06
06
00
7e
60
7e
03
03
63
3e
00
7e
60
7e
03
03
63
3e
00
1c
30
60
7e
63
63
3e
00
1c
30
60
7e
63
63
3e
00
7f
63
06
0c
18
18
18
00
7f
63
06
0c
18
18
18
00
3c
62
72
3c
4f
43
3e
00
3c
62
72
3c
4f
43
3e
00
3e
63
63
3f
03
06
3c
00
3e
63
63
3f
03
06
3c
00
1c
36
63
63
7f
63
63
00
1c
36
63
63
7f
63
63
00
7e
63
63
7e
63
63
7e
00
7e
63
63
7e
63
63
7e
00
1e
33
60
60
60
33
1e
00
1e
33
60
60
60
33
1e
00
7c
66
63
63
63
66
7c
00
7c
66
63
63
63
66
7c
00
3f
30
30
3e
30
30
3f
00
3f
30
30
3e
30
30
3f
00
7f
60
60
7e
60
60
60
00
7f
60
60
7e
60
60
60
00
1f
30
60
67
63
33
1f
00
1f
30
60
67
63
33
1f
00
63
63
63
7f
63
63
63
00
63
63
63
7f
63
63
63
00
3f
0c
0c
0c
0c
0c
3f
00
3f
0c
0c
0c
0c
0c
3f
00
00
00
00
00
00
00
00
03
0f
1f
1f
3f
3f
7f
7f
7f
00
00
00
00
00
00
00
f9
e0
c1
c0
80
80
80
c1
ff
30
30
30
30
30
30
3f
00
30
30
30
30
30
30
3f
00
63
77
7f
7f
6b
63
63
00
63
77
7f
7f
6b
63
63
00
63
73
7b
7f
6f
67
63
00
63
73
7b
7f
6f
67
63
00
3e
63
63
63
63
63
3e
00
3e
63
63
63
63
63
3e
00
7e
63
63
63
7e
60
60
00
7e
63
63
63
7e
60
60
00
00
00
00
00
03
1f
7f
fe
ff
ff
7f
3c
3e
7e
fe
fe
7e
63
63
67
7c
6e
67
00
7e
63
63
67
7c
6e
67
00
3c
66
60
3e
03
63
3e
00
3c
66
60
3e
03
63
3e
00
3f
0c
0c
0c
0c
0c
0c
00
3f
0c
0c
0c
0c
0c
0c
00
63
63
63
63
63
63
3e
00
63
63
63
63
63
63
3e
00
63
63
63
77
3e
1c
08
00
63
63
63
77
3e
1c
08
00
00
01
0f
7f
ff
fc
c1
03
7f
ff
ff
3f
7f
7f
fb
fb
0f
ff
ff
ff
f0
00
e0
e0
e7
e7
e7
e7
e7
e7
e7
ff
33
33
33
1e
0c
0c
0c
00
33
33
33
1e
0c
0c
0c
00
c0
ff
ff
ff
00
00
00
00
e7
ff
ff
e3
e7
e7
ef
ef
00
00
00
00
00
00
00
00
00
00
00
00
00
00
00
00
21
52
24
08
12
25
42
00
21
52
24
08
12
25
42
00
00
00
00
3e
3e
00
00
00
00
00
00
3e
3e
00
00
00
00
00
00
7f
7f
00
00
00
00
00
00
7f
7f
00
00
00
00
00
00
00
00
18
18
00
00
00
00
00
00
18
18
00
3c
42
99
a1
a1
99
42
3c
3c
42
99
a1
a1
99
42
3c
18
3c
3c
18
18
00
18
00
18
3c
3c
18
18
00
18
00
08
08
08
5d
5d
7f
7f
5d
08
08
1c
1c
55
77
7f
49
ff
ff
e1
e1
e1
e1
e1
e1
00
00
00
00
00
00
00
00
87
c7
c0
c7
cf
ce
cf
c7
00
00
00
00
00
00
00
00
f8
fc
1c
fc
fc
1c
fc
fc
00
00
00
00
00
00
00
00
ff
ff
e7
e7
e7
e7
e7
e7
00
00
00
00
00
00
00
00
f0
f9
39
39
39
39
39
38
00
00
00
00
00
00
00
00
ff
ff
c0
c0
c0
c0
ff
ff
00
00
00
00
00
00
00
00
1f
3f
30
30
30
30
3f
1f
00
00
00
00
00
00
00
00
e3
f3
70
70
70
70
f0
e0
00
00
00
00
00
00
00
00
fe
fe
70
70
70
70
70
70
00
00
00
00
00
00
00
00
c0
f0
fc
ff
fc
f0
c0
00
c0
f0
fc
ff
fc
f0
c0
00
00
00
00
00
fe
00
00
fe
00
00
00
00
fe
fe
fe
fe
00
00
fe
fe
fe
7c
38
10
fe
fe
fe
ba
d6
6c
38
10
00
00
fe
00
7c
60
7c
0c
00
00
fe
fe
fe
fe
fe
fe
7c
00
fe
fe
fe
7c
38
10
fe
fe
fe
fe
ba
54
28
10
00
00
7f
7e
7c
46
72
60
00
00
00
01
03
39
0d
1f
00
00
fc
fc
7c
c4
9c
0c
00
00
00
00
80
38
60
f0
78
72
3a
1a
0e
07
03
01
07
0d
05
05
01
00
00
00
3c
9c
b8
b0
e0
c0
80
00
c0
60
40
40
00
00
00
00
ff
fe
fc
e6
c2
98
bc
9e
ff
ff
ff
ff
ff
ff
ff
ff
fe
fe
7e
ce
86
32
7a
f2
fe
fe
fe
fe
fe
fe
fe
fe
ce
67
30
1b
08
07
03
01
ff
7f
3f
1f
0f
07
03
01
e6
cc
18
b0
20
c0
80
00
fe
fc
f8
f0
e0
c0
80
00
00
03
23
73
7f
6f
7b
7f
ff
fc
dc
8c
80
80
80
80
00
80
68
9c
fc
ec
bc
fc
fe
7e
16
62
02
02
02
02
55
43
03
07
04
00
00
00
a8
3c
3c
18
0b
07
03
01
54
80
80
c0
40
00
00
00
2a
7c
78
30
a0
c0
80
00
00
00
3c
ff
3c
3c
ff
3c
ff
ff
ff
3c
ff
ff
3c
ff
00
00
78
fe
78
78
fe
78
fe
fe
fe
78
fe
fe
78
fe
1e
0f
07
03
01
00
00
00
ff
7f
3f
1f
0f
07
03
01
f0
e0
c0
80
00
00
00
00
fe
fc
f8
f0
e0
c0
80
00
01
01
01
03
03
13
13
17
01
01
01
03
03
03
03
17
00
00
00
80
80
90
90
d0
00
00
00
80
80
80
80
d0
97
8f
9f
bf
ff
ef
cd
81
1e
1c
9d
bf
fb
e3
c1
81
d2
e2
f2
fa
fe
ee
66
02
f0
70
72
fa
be
8e
06
02
00
00
00
00
00
01
00
00
00
00
00
00
00
01
00
00
10
10
10
0c
03
00
80
60
80
80
80
40
40
30
88
67
08
08
08
30
c0
00
01
06
01
01
01
02
02
0c
11
e6
00
00
00
00
00
80
00
00
00
00
00
00
00
80
00
00
00
02
01
00
00
00
08
06
00
00
00
00
04
03
08
06
18
07
80
70
0f
00
00
00
18
07
00
00
00
00
e0
1f
18
e0
01
0e
f0
00
00
00
18
e0
00
00
00
00
07
f8
00
40
80
00
00
00
10
60
00
00
00
00
20
c0
10
60
01
08
06
01
00
00
20
1e
01
00
00
00
10
0e
21
1e
c0
3f
00
e0
1f
00
00
00
c0
3f
00
00
00
00
e0
1f
03
fc
00
07
f8
00
00
00
03
fc
00
00
00
00
07
f8
80
10
60
80
00
00
04
78
80
00
00
00
08
70
84
78
01
40
3c
03
00
00
80
78
01
00
00
00
40
38
87
78
c0
3f
00
c0
3f
00
00
00
c0
3f
00
00
00
00
c0
3f
03
fc
00
03
fc
00
00
00
03
fc
00
00
00
00
03
fc
80
02
3c
c0
00
00
01
1e
80
00
00
00
02
1c
e1
1e
00
01
00
00
00
00
00
07
00
00
00
00
02
01
00
07
07
00
f0
0f
00
00
00
00
07
00
00
00
00
f0
0f
00
c0
3f
00
80
7f
00
00
00
c0
3f
00
00
00
00
80
7f
03
fc
00
01
fe
00
00
00
03
fc
00
00
00
00
01
fe
e0
00
0f
f0
00
00
00
00
e0
00
00
00
00
0f
f0
00
00
80
00
00
00
00
00
e0
00
00
00
00
40
80
00
e0
00
06
01
00
00
00
18
07
00
00
00
00
0e
01
18
07
ff
00
e0
1e
01
00
00
00
ff
00
00
00
00
f0
0f
00
00
ff
00
00
ff
00
00
00
00
ff
00
00
00
00
00
ff
00
ff
00
00
ff
00
00
00
00
ff
00
00
00
00
00
ff
ff
00
07
78
80
00
00
00
ff
00
00
00
00
0f
f0
00
00
60
80
00
00
00
18
e0
00
00
00
00
70
80
18
e0
00
3e
01
00
00
00
00
00
00
00
00
00
70
0f
00
00
ff
00
f8
07
00
00
00
00
ff
00
00
00
00
00
ff
00
00
ff
00
ff
00
00
00
00
00
ff
00
00
00
00
00
ff
00
ff
00
ff
00
00
00
00
00
ff
00
00
00
00
00
ff
ff
00
1f
e0
00
00
00
00
ff
00
00
00
00
00
ff
00
00
7c
80
00
00
00
00
00
00
00
00
00
0e
f0
00
00
00
00
06
06
00
06
07
07
02
02
19
09
07
0f
3f
ff
07
22
22
40
60
60
00
00
7f
58
d0
b0
90
90
f0
60
00
00
c0
c0
00
c0
c0
c0
80
80
30
20
c0
e0
f8
fe
c0
88
88
04
0c
0c
00
00
fc
34
16
1a
12
12
1e
0c
00
00
06
06
00
06
07
07
00
02
19
09
07
1f
3f
ff
07
02
02
00
00
00
00
00
77
30
30
38
18
0c
06
02
00
00
c0
c0
00
c0
c0
c0
00
80
30
20
c0
f0
f8
fe
c0
80
80
00
00
00
00
00
dc
18
18
38
30
60
c0
80
00
00
6c
6c
00
6c
7c
7c
00
28
93
92
7c
ff
ff
ff
7c
28
28
00
00
00
00
00
7d
01
01
83
83
c6
6c
28
00
00
00
00
00
00
00
00
00
00
00
00
00
00
80
e0
00
00
00
00
00
00
00
00
c0
80
80
80
00
00
00
00
00
00
00
00
00
00
00
00
00
00
01
00
00
01
03
0f
00
00
00
00
00
00
00
00
07
03
03
03
01
00
00
00
00
00
00
00
00
00
00
00
00
00
01
00
00
01
83
ef
00
00
00
00
00
00
00
00
c7
83
83
83
01
00
00
00
00
00
00
80
80
be
be
ff
00
00
00
00
14
2a
3e
1c
22
e3
ff
c1
c1
00
00
00
1c
1c
1c
1c
08
00
00
00
00
00
00
80
80
80
80
80
00
00
00
00
00
00
00
00
00
80
80
80
80
00
00
00
00
00
00
00
00
00
00
00
00
00
00
20
20
2f
2f
3f
00
00
00
00
05
0a
0f
07
08
38
3f
30
30
00
00
00
07
07
07
07
02
00
00
00
00
00
00
20
20
a0
a0
e0
00
00
00
00
00
80
80
00
80
e0
e0
60
60
00
00
00
00
00
00
00
00
00
00
00
00
00
00
08
08
0b
0b
0f
00
00
00
00
01
02
03
01
02
0e
0f
0c
0c
00
00
00
01
01
01
01
00
00
00
00
00
00
00
08
08
e8
e8
f8
00
00
00
00
40
a0
e0
c0
20
38
f8
18
18
00
00
00
c0
c0
c0
c0
80
00
00
00
00
00
00
02
02
02
02
03
00
00
00
00
00
00
00
00
00
03
03
03
03
00
00
00
00
00
00
00
00
00
00
00
00
00
00
02
02
fa
fa
fe
00
00
00
00
50
a8
f8
70
88
8e
fe
06
06
00
00
00
70
70
70
70
20
00
00
00
00
00
00
20
e0
ef
ef
7f
00
00
00
05
05
0a
0f
07
38
78
ff
70
10
00
00
00
07
07
07
07
00
00
00
00
00
00
00
20
38
b8
b8
f0
00
00
00
00
00
80
80
00
e0
f0
f8
70
40
00
00
00
00
00
00
00
00
00
00
00
00
00
00
08
38
3b
3b
1f
00
00
00
01
01
02
03
01
0e
1e
3f
1c
04
00
00
00
01
01
01
01
00
00
00
00
00
00
00
08
0e
ee
ee
fc
00
00
00
40
40
a0
e0
c0
38
3c
fe
1c
10
00
00
00
c0
c0
c0
c0
00
00
00
00
00
00
00
04
1c
1d
1d
0f
00
00
00
00
00
01
01
00
07
0f
1f
0e
02
00
00
00
00
00
00
00
00
00
00
00
00
00
00
04
07
f7
f7
fe
00
00
00
a0
a0
50
f0
e0
1c
1e
ff
0e
08
00
00
00
e0
e0
e0
e0
00
00
00
00
00
00
00
80
94
77
00
63
00
00
00
08
3e
3e
3e
1c
7f
dd
c1
dd
c9
00
00
00
1c
1c
1c
1c
08
00
00
00
00
00
00
80
80
00
00
00
00
00
00
00
00
00
00
00
00
80
80
80
80
00
00
00
00
00
00
00
00
00
00
00
00
00
00
20
25
1d
00
18
00
00
00
02
0f
0f
0f
07
1f
37
30
37
32
00
00
00
07
07
07
07
02
00
00
00
00
00
00
20
20
c0
00
c0
00
00
00
00
80
80
80
00
c0
60
60
60
60
00
00
00
00
00
00
00
00
00
00
00
00
00
00
08
09
07
00
06
00
00
00
00
03
03
03
01
07
0d
0c
0d
0c
00
00
00
01
01
01
01
00
00
00
00
00
00
00
08
48
70
00
30
00
00
00
80
e0
e0
e0
c0
f0
d8
18
d8
98
00
00
00
c0
c0
c0
c0
80
00
00
00
00
00
00
02
02
01
00
01
00
00
00
00
00
00
00
00
01
03
03
03
03
00
00
00
00
00
00
00
00
00
00
00
00
00
00
02
52
dc
00
8c
00
00
00
20
f8
f8
f8
70
fc
76
06
76
26
00
00
00
70
70
70
70
20
00
00
00
00
00
00
40
25
1d
00
18
00
00
00
02
0f
0f
0f
07
3f
77
f0
e7
e2
00
00
00
07
07
07
07
02
00
00
00
00
00
00
10
20
c0
00
c0
00
00
00
00
80
80
80
00
e0
70
78
38
38
00
00
00
00
00
00
00
00
00
00
00
00
00
00
10
09
07
00
06
00
00
00
00
03
03
03
01
0f
1d
3c
39
38
00
00
00
01
01
01
01
00
00
00
00
00
00
00
04
48
70
00
30
00
00
00
80
e0
e0
e0
c0
f8
dc
1e
ce
8e
00
00
00
c0
c0
c0
c0
80
00
00
00
00
00
00
08
04
03
00
03
00
00
00
00
01
01
01
00
07
0e
1e
1c
1c
00
00
00
00
00
00
00
00
00
00
00
00
00
00
02
a4
b8
00
18
00
00
00
40
f0
f0
f0
e0
fc
ee
0f
e7
47
00
00
00
e0
e0
e0
e0
40
00
00
00
00
00
00
00
00
00
00
00
00
00
00
00
00
08
19
29
00
00
00
00
00
00
00
00
49
7d
09
08
00
00
00
00
00
00
00
00
00
00
00
00
00
00
00
00
00
c6
29
29
00
00
00
00
00
00
00
00
29
29
29
c6
00
00
00
00
00
00
00
00
00
00
00
00
00
00
00
00
00
7c
41
79
00
00
00
00
00
00
00
00
05
05
45
38
00
00
00
00
00
00
00
00
00
00
00
00
00
00
00
00
00
38
45
45
00
00
00
00
00
00
00
00
39
45
45
38
00
00
00
00
00
00
00
00
00
00
00
00
00
00
00
00
00
98
a5
a5
00
00
00
00
00
00
00
00
a5
a5
a5
98
00
00
00
00
00
00
00
00
00
00
00
00
00
00
00
00
00
bc
a1
b9
00
00
00
00
00
00
00
00
85
85
a5
98
00
00
00
00
00
00
00
00
00
00
00
00
00
00
00
00
00
8c
91
a1
00
00
00
00
00
00
00
00
b9
a5
a5
98
00
00
00
00
00
00
00
00
00
f2
25
65
00
00
00
00
00
f2
25
65
15
15
95
62
00
00
00
00
15
15
95
62
00
00
00
00
00
00
00
00
00
62
95
15
00
00
00
00
00
62
95
15
25
45
85
f2
00
00
00
00
25
45
85
f2
00
00
00
00
00
00
00
00
00
22
55
55
00
00
00
00
00
22
55
55
55
55
55
22
00
00
00
00
55
55
55
22
00
00
00
00
00
80
fc
ff
ff
03
00
00
ff
ff
ff
ff
ff
ff
bf
bf
00
00
00
00
e0
fc
ff
07
1f
3f
7f
7f
7c
7d
7f
ff
00
00
00
00
00
00
81
e7
f8
fc
fd
fc
fc
fc
f8
f0
43
4f
50
59
52
49
47
48
54
20
4e
41
4d
43
4f
20
00
00
04
02
01
15
20
0e
00
00
04
1a
09
14
27
01
03
2f
01
10
01
04
00
00
05
08
07
1f
07
00
00
00
00
40
00
80
40
80
74
e0
00
40
00
90
50
00
50
00
48
90
e0
40
20
80
00
00
88
10
28
4c
20
80
00
00
82
10
0a
4c
00
00
c9
00
82
12
00
42
02
02
09
20
00
8d
20
05
44
10
00
94
10
91
28
05
44
1c
17
01
20
91
04
08
82
44
10
11
00
90
64
20
82
44
04
05
48
00
25
18
18
00
00
20
48
00
25
02
42
40
01
20
00
00
00
00
00
00
04
11
00
00
00
00
00
00
00
11
00
00
00
00
01
04
08
00
00
00
06
00
20
04
40
00
00
00
10
00
84
00
01
08
00
00
12
00
80
20
21
08
80
00
02
04
20
10
00
80
84
00
10
14
20
10
00
80
00
00
10
00
00
00
00
00
00
00
10
08
00
00
00
00
10
00
00
00
21
00
00
00
10
00
00
00
60
00
00
00
00
00
00
02
00
40
00
00
00
10
10
00
00
40
00
00
04
00
00
00
00
20
00
00
04
00
00
00
00
20
00
00
00
00
00
00
00
00
00
00
00
00
00
00
00
00
00
00
00
00
01
07
0e
0d
0d
07
00
01
03
07
0f
0f
0f
07
00
00
00
00
05
3f
7f
7f
00
00
00
00
05
3f
77
7d
29
37
bf
ff
ff
ff
ff
ff
ff
df
fb
d5
bf
eb
d6
fc
00
00
60
10
0c
05
02
0c
00
00
60
10
0c
05
02
0c
00
11
67
0e
1d
19
1b
0f
00
11
67
0f
1f
1f
1f
0f
00
00
00
11
3b
3f
7d
7b
00
00
00
19
3f
3f
76
7f
bf
63
df
ff
ff
ff
ff
ff
fd
fe
ff
fb
d5
7f
b7
ff
00
40
21
3a
13
01
0f
16
00
40
21
3b
13
01
0f
1f
2f
53
6e
5d
5b
3b
3b
1d
3f
7f
7f
7f
7f
3f
3f
1f
19
fd
3d
cf
b3
ff
3b
e7
19
fd
fd
ff
ff
ff
ff
fb
df
ff
ff
fd
fe
fb
f5
eb
f7
f9
d7
fd
6e
5b
f5
ab
00
00
60
10
0c
05
02
0c
00
00
60
10
0c
05
02
0c
00
11
67
0e
0d
1d
1f
17
00
11
67
0f
0f
1f
1f
1f
00
00
00
1b
3d
27
6d
7a
00
00
00
1b
3f
3f
7f
7f
37
ff
ff
f3
f5
fa
fd
fb
3f
df
be
f3
b5
da
fd
fb
00
00
00
00
0f
7f
ff
f7
3f
ff
ff
0f
1f
3f
3e
3e
00
00
00
00
80
c0
c0
80
f0
f8
f8
f8
f8
f8
ff
ff
00
00
00
00
01
03
07
07
00
00
00
00
00
00
c0
80
0f
3f
7f
fe
fc
f8
f0
e0
ff
ff
ff
7f
7f
3f
00
00
ff
ff
ff
3e
3c
71
47
1f
ff
ff
ff
ff
ef
8f
0e
08
f8
c0
80
00
60
c0
c0
8f
ff
ff
ff
fd
f1
80
00
00
0f
3f
07
07
07
07
07
c7
ff
ff
ff
ff
fb
e1
00
00
e0
e0
e0
e0
e0
e0
e0
e0
ff
ff
f7
e7
c7
87
00
00
00
00
00
00
00
00
00
3e
ef
ef
ef
ef
cf
07
00
00
00
00
00
00
00
03
1e
fc
ff
ff
ff
fe
dc
18
00
00
ff
3f
07
01
00
00
00
07
ff
ff
7f
0f
1f
18
01
03
c7
0f
9e
fc
fc
78
f0
f0
80
fc
fe
ff
ff
bf
9f
1f
80
00
00
00
00
00
00
00
3f
7f
7f
7f
ff
dc
c0
c0
1f
7f
ff
ff
fe
fc
f8
f0
ff
fe
fc
f8
f0
e0
00
00
c0
80
80
00
00
00
00
00
07
0e
3f
3f
3f
3f
3f
3f
e0
c0
00
00
00
00
00
00
3f
3f
3f
3c
30
00
00
00
